80 100 5 0.739463109599
80 100 15 0.916703279214
80 100 20 0.86347432006
80 100 25 0.900463357695
80 100 30 0.942928562401
180 200 5 0.660238573375
180 200 15 0.858276341474
180 200 20 0.874555048887
180 200 25 0.860250075398
180 200 30 0.883097307791
280 300 5 0.55297986009
280 300 15 0.81337230647
280 300 20 0.904137986838
280 300 25 0.902467518485
280 300 30 0.910219013247
380 400 5 0.602615774223
380 400 15 0.837742553944
380 400 20 0.885574255261
380 400 25 0.840606022914
380 400 30 0.918562327261
180 200 35 0.916268275345
180 200 40 0.934243196921
180 200 45 0.932836873884
280 300 35 0.892209652472
280 300 40 0.902381922028
280 300 45 0.923944204485
380 400 35 0.920652084508
380 400 40 0.917275371158
380 400 45 0.904210208849
