80 100 5 0.369524411306
80 100 15 0.409525717373
80 100 20 0.512308209764
80 100 25 0.633290332049
80 100 30 0.639679353673
180 200 5 0.428372620529
180 200 15 0.420444180476
180 200 20 0.486434872965
180 200 25 0.521779605771
180 200 30 0.55818515797
280 300 5 0.455529703444
280 300 15 0.37814445326
280 300 20 0.408904396399
280 300 25 0.46594139253
280 300 30 0.529169621909
380 400 5 0.49655216479
380 400 15 0.448395703979
380 400 20 0.482378113774
380 400 25 0.485104512906
380 400 30 0.530347711841
80 100 35 0.685014997856
